50.5 -0.0 2.0
8.0 -0.0 2.0
49.5 2.5 2.0
32.0 -1.0 2.0
12.0 -0.5 2.0
21.5 2.5 2.0
1.0 -0.0 1.5
25.5 0.0 2.0
57.5 0.5 2.0
8.0 1.5 2.0
47.0 -0.0 2.0
61.5 0.0 2.0
16.0 -1.5 2.0
33.5 -0.0 2.0
10.5 0.0 2.0
37.5 -2.5 2.0
27.0 -1.0 2.0
23.0 -0.5 2.0
41.5 -1.0 2.0
15.0 -1.0 2.0
56.5 0.5 2.0
40.5 0.5 2.0
14.0 0.5 2.0
9.5 -1.5 2.0
44.5 0.0 2.0
58.5 1.0 2.0
13.0 -0.5 2.0
52.5 -1.0 2.0
26.0 -1.0 2.0
54.5 2.0 2.0
13.5 0.5 2.0
1.5 -0.0 2.0
0.0 0.5 0.5
43.0 1.0 2.0
57.5 1.0 2.0
33.5 -1.5 2.0
17.5 -1.5 2.0
55.0 -1.5 2.0
51.0 0.5 2.0
31.0 2.0 2.0
54.0 1.5 2.0
49.5 -0.5 2.0
55.0 0.0 2.0
39.0 -0.0 2.0
21.5 -0.5 2.0
53.5 0.0 2.0
16.5 -1.5 2.0
34.5 -0.5 2.0
60.5 0.5 2.0
2.0 -0.0 2.0
48.5 0.5 2.0
33.0 -1.0 2.0
0.5 0.5 1.0
0.5 0.5 1.5
28.0 -3.0 2.0
24.5 -1.0 2.0
10.0 0.0 2.0
28.5 -2.5 2.0
59.5 0.5 2.0
41.5 1.0 2.0
35.5 -1.0 2.0
50.0 2.5 2.0
58.0 0.5 2.0
62.0 -0.0 2.0
38.0 -2.5 2.0
18.5 -1.0 2.0
42.0 1.0 2.0
41.5 -0.5 2.0
57.0 0.5 2.0
9.0 0.0 2.0
41.0 0.5 2.0
45.0 0.0 2.0
8.5 0.0 2.0
52.5 -0.5 2.0
52.0 0.5 2.0
24.5 -0.5 2.0
30.5 1.5 2.0
40.0 0.5 2.0
19.5 -1.5 2.0
8.5 1.5 2.0
16.0 -1.0 2.0
55.5 -1.5 2.0
9.0 -1.5 2.0
51.5 0.5 2.0
52.0 -1.0 2.0
34.0 -1.5 2.0
56.0 1.5 2.0
35.5 -0.5 2.0
27.5 -1.0 2.0
23.5 -0.5 2.0
30.5 -1.5 2.0
46.0 -0.0 2.0
25.5 -1.0 2.0
50.0 -0.5 2.0
45.0 -1.5 2.0
2.5 -0.0 2.0
35.0 -1.0 2.0
26.5 -1.0 2.0
38.5 -0.0 2.0
50.5 0.5 2.0
9.5 -2.0 2.0
54.5 -0.0 2.0
60.0 0.5 2.0
36.0 -1.0 2.0
31.5 2.0 2.0
54.5 1.5 2.0
7.5 -0.5 2.0
39.5 0.0 2.0
17.0 -1.5 2.0
33.5 0.5 2.0
42.5 1.0 2.0
37.5 -0.0 2.0
11.0 0.0 2.0
43.0 0.5 2.0
45.5 -1.0 2.0
19.0 -1.0 2.0
45.5 -2.0 2.0
33.5 -1.0 2.0
28.5 -3.0 2.0
49.5 -2.5 2.0
55.0 -2.0 2.0
16.5 -3.5 2.0
59.0 0.5 2.0
18.0 -1.0 2.0
16.5 -1.0 2.0
41.0 -0.5 2.0
5.5 -0.0 2.0
20.0 -1.5 2.0
58.5 0.5 2.0
13.5 -1.0 2.0
9.5 -0.5 2.0
48.0 0.0 2.0
42.0 0.5 2.0
46.5 0.0 2.0
0.0 0.0 1.0
55.0 1.0 2.0
52.0 -0.5 2.0
36.0 -0.5 2.0
24.0 -0.5 2.0
31.0 -1.5 2.0
8.0 -0.5 2.0
56.5 1.5 2.0
45.5 -1.5 2.0
41.5 0.5 2.0
49.0 -3.0 2.0
8.0 1.0 2.0
17.5 -1.0 2.0
45.5 0.0 2.0
3.0 0.0 2.0
61.5 -0.5 2.0
35.0 -0.5 2.0
19.0 -0.5 2.0
30.0 -1.5 2.0
14.0 -1.5 2.0
25.5 1.0 2.0
31.0 1.5 2.0
52.5 0.5 2.0
26.0 0.5 2.0
25.0 -1.0 2.0
56.5 0.0 2.0
14.0 -0.0 2.0
13.5 -1.5 2.0
22.0 -1.0 2.0
18.0 -0.5 2.0
36.5 -1.0 2.0
13.5 -0.0 2.0
11.5 -0.0 2.0
50.0 0.5 2.0
47.5 -1.0 2.0
34.0 0.5 2.0
29.5 -1.5 2.0
19.5 -1.0 2.0
19.5 -2.0 2.0
59.0 1.0 2.0
54.0 0.0 2.0
38.0 -0.0 2.0
46.0 -2.0 2.0
42.0 -0.5 2.0
34.0 -1.0 2.0
51.0 0.0 2.0
61.0 0.5 2.0
29.0 -3.0 2.0
17.5 -0.5 2.0
50.0 -2.5 2.0
30.5 -1.0 2.0
39.0 -0.5 2.0
55.5 -2.0 2.0
49.0 -0.0 2.0
17.0 -3.5 2.0
9.0 -2.0 2.0
37.0 -0.0 2.0
1.5 1.5 0.5
29.0 -1.0 2.0
47.5 1.0 2.0
17.0 -1.0 2.0
44.0 0.5 2.0
48.5 -0.0 2.0
6.0 -0.0 2.0
0.5 0.0 1.5
0.5 -0.0 1.0
10.0 -0.5 2.0
56.5 3.0 2.0
55.5 0.5 2.0
43.5 0.5 2.0
1.0 0.5 2.0
28.0 -1.0 2.0
49.5 -3.0 2.0
59.5 0.0 2.0
2.0 1.5 0.5
5.0 -0.0 2.0
46.0 -1.5 2.0
62.0 -0.5 2.0
34.0 -0.5 2.0
29.0 -1.5 2.0
53.0 0.5 2.0
57.5 3.0 2.0
20.5 -1.5 2.0
25.0 -0.5 2.0
57.0 0.0 2.0
9.0 -0.5 2.0
41.0 0.0 2.0
42.5 0.5 2.0
37.0 1.0 2.0
55.5 1.0 2.0
36.5 -0.5 2.0
4.0 -0.0 2.0
31.5 -1.5 2.0
8.5 -0.5 2.0
40.0 -0.0 2.0
8.5 1.0 2.0
48.0 -1.0 2.0
1.0 0.5 1.5
43.5 2.0 2.0
25.5 0.5 2.0
3.5 -0.0 2.0
47.5 -0.5 2.0
20.0 -1.0 2.0
20.0 -2.0 2.0
19.5 -0.5 2.0
61.5 0.5 2.0
14.5 -1.5 2.0
56.0 1.0 2.0
31.0 -1.0 2.0
13.0 -1.5 2.0
17.5 -4.0 2.0
22.5 -1.0 2.0
18.5 -0.5 2.0
44.5 0.5 2.0
48.0 1.0 2.0
44.0 2.0 2.0
30.0 -1.0 2.0
16.5 -4.0 2.0
1.5 0.5 2.0
57.0 3.0 2.0
50.0 -3.0 2.0
60.0 0.0 2.0
45.5 0.5 2.0
54.5 1.0 2.0
39.5 -0.5 2.0
49.5 -0.0 2.0
55.0 0.5 2.0
17.5 -3.5 2.0
7.0 0.0 2.0
53.5 0.5 2.0
37.5 -0.5 2.0
11.0 -0.5 2.0
29.5 -1.0 2.0
34.5 -0.0 2.0
2.0 0.5 2.0
47.0 -0.5 2.0
56.5 2.5 2.0
6.5 -0.0 2.0
37.5 1.0 2.0
38.5 -0.5 2.0
22.5 -0.5 2.0
10.5 -0.5 2.0
4.5 0.0 2.0
14.0 -1.0 2.0
28.5 -1.0 2.0
12.5 -1.0 2.0
32.0 -1.5 2.0
54.0 0.5 2.0
23.5 -1.0 2.0
48.0 -0.5 2.0
46.5 -0.5 2.0
20.0 -0.5 2.0
62.0 0.5 2.0
50.5 3.0 2.0
15.0 -1.5 2.0
-0.0 0.0 0.5
38.0 -2.0 2.0
56.5 1.0 2.0
41.5 -0.0 2.0
45.0 0.5 2.0
49.5 3.0 2.0
44.5 2.0 2.0
21.0 -1.0 2.0
52.5 0.0 2.0
26.0 0.0 2.0
40.5 0.0 2.0
17.0 -4.0 2.0
56.5 -0.5 2.0
14.0 -0.5 2.0
32.5 -1.0 2.0
56.0 0.5 2.0
60.5 0.0 2.0
20.5 -1.0 2.0
47.5 0.5 2.0
13.5 -0.5 2.0
7.5 -0.0 2.0
54.0 2.0 2.0
46.0 0.5 2.0
31.5 -1.0 2.0
15.5 -1.0 2.0
11.5 -0.5 2.0
50.0 0.0 2.0
34.0 -0.0 2.0
2.5 0.5 2.0
38.0 -0.5 2.0
21.0 2.5 2.0
33.0 -1.5 2.0
57.0 2.5 2.0
14.5 -1.0 2.0
61.0 0.0 2.0
38.0 1.0 2.0
32.5 -1.5 2.0
49.0 -0.5 2.0
37.0 -0.5 2.0
13.0 -1.0 2.0
1.5 1.0 0.5
12.5 -0.5 2.0
54.5 0.5 2.0
44.0 0.0 2.0
58.0 1.0 2.0
48.5 -0.5 2.0
22.0 -0.5 2.0
20.5 -0.5 2.0
15.5 -1.5 2.0
24.0 -1.0 2.0
44.0 1.5 2.0
12.0 -1.0 2.0
1.0 0.0 2.0
37.5 0.5 2.0
2.0 1.0 0.5
57.0 1.0 2.0
30.5 2.0 2.0
23.0 -1.0 2.0
21.5 -1.0 2.0
46.0 -0.5 2.0
50.0 3.0 2.0
34.5 -1.0 2.0
53.0 0.0 2.0
21.0 -0.5 2.0
38.5 -2.5 2.0
57.0 -0.5 2.0
51.5 1.0 2.0
9.5 0.0 2.0
48.0 0.5 2.0
0.0 0.5 1.0
55.0 1.5 2.0
52.0 -0.0 2.0
